1 0.17586148005283236
2 0.16021612842761845
3 0.16021612842761845
4 0.16021612842761845
5 0.16021612842761845
6 0.16021612842761845
7 0.16021612842761845
8 0.158022219601577
9 0.14056924241476498
10 0.14056924241476498
11 0.14056924241476498
12 0.14056924241476498
13 0.14056924241476498
14 0.13663487138246477
15 0.13663487138246477
16 0.13188052013576446
17 0.13188052013576446
18 0.13188052013576446
19 0.13188052013576446
20 0.13188052013576446
21 0.12633969703704237
22 0.12633969703704237
23 0.12633969703704237
24 0.12633969703704237
25 0.12633969703704237
26 0.12633969703704237
27 0.12633969703704237
28 0.12633969703704237
29 0.1230417873470309
30 0.1230417873470309
31 0.11653860109616808
32 0.11653860109616808
33 0.11653860109616808
34 0.11653860109616808
35 0.11332766101489819
36 0.11332766101489819
37 0.11332766101489819
38 0.11332766101489819
39 0.11332766101489819
40 0.11332766101489819
41 0.11332766101489819
42 0.11332766101489819
43 0.11332766101489819
44 0.11332766101489819
45 0.11332766101489819
46 0.11332766101489819
47 0.11163983943192525
48 0.11163983943192525
49 0.11160659312735484
50 0.11160659312735484
51 0.11160659312735484
52 0.11151346315917496
53 0.11151346315917496
54 0.11151346315917496
55 0.11151346315917496
56 0.11151346315917496
57 0.11057865971802477
58 0.11057865971802477
59 0.11057865971802477
60 0.1056764323983648
61 0.10375672309229231
62 0.10375672309229231
63 0.10375672309229231
64 0.10375672309229231
65 0.10375672309229231
66 0.10375672309229231
67 0.10375672309229231
68 0.10375672309229231
69 0.10375672309229231
70 0.10375672309229231
71 0.10375672309229231
72 0.10375672309229231
73 0.10375672309229231
74 0.10375672309229231
75 0.10375672309229231
76 0.10375672309229231
77 0.10375672309229231
78 0.10050236601445887
79 0.10050236601445887
80 0.10006091432359733
81 0.10006091432359733
82 0.10006091432359733
83 0.09547826716124339
84 0.09547826716124339
85 0.09547826716124339
86 0.09547826716124339
87 0.09547826716124339
88 0.09547826716124339
89 0.09547826716124339
90 0.09547826716124339
91 0.09547826716124339
92 0.09368024703046926
93 0.09368024703046926
94 0.09368024703046926
95 0.09368024703046926
96 0.09368024703046926
97 0.09368024703046926
98 0.09368024703046926
99 0.09368024703046926
100 0.09368024703046926
101 0.09368024703046926
102 0.09368024703046926
103 0.09368024703046926
104 0.09368024703046926
105 0.09368024703046926
106 0.09368024703046926
107 0.09368024703046926
108 0.09368024703046926
109 0.09368024703046926
110 0.09368024703046926
111 0.09368024703046926
112 0.09172281530186267
113 0.09172281530186267
114 0.09172281530186267
115 0.09172281530186267
116 0.09172281530186267
117 0.09172281530186267
118 0.09172281530186267
119 0.09172281530186267
120 0.09172281530186267
121 0.09172281530186267
122 0.09172281530186267
123 0.09172281530186267
124 0.09172281530186267
125 0.09172281530186267
126 0.09172281530186267
127 0.09172281530186267
128 0.09172281530186267
129 0.09172281530186267
130 0.09172281530186267
131 0.09172281530186267
132 0.09172281530186267
133 0.09172281530186267
134 0.09172281530186267
135 0.09172281530186267
136 0.09172281530186267
137 0.09172281530186267
138 0.09172281530186267
139 0.09172281530186267
140 0.09172281530186267
141 0.09121790178943
142 0.09121790178943
143 0.09121790178943
144 0.09121790178943
145 0.09121790178943
146 0.09121790178943
147 0.09121790178943
148 0.09121790178943
149 0.09121790178943
150 0.09121790178943
151 0.09121790178943
152 0.09121790178943
153 0.09121790178943
154 0.09121790178943
155 0.09121790178943
156 0.09121790178943
157 0.09121790178943
158 0.09121790178943
159 0.09121790178943
160 0.09121790178943
161 0.09121790178943
162 0.09121790178943
163 0.09121790178943
164 0.09121790178943
165 0.09121790178943
166 0.09121790178943
167 0.09121790178943
168 0.09121790178943
169 0.09121790178943
170 0.09121790178943
171 0.09121790178943
172 0.09121790178943
173 0.09121790178943
174 0.09121790178943
175 0.09121790178943
176 0.09121790178943
177 0.09121790178943
178 0.09121790178943
179 0.09121790178943
180 0.09121790178943
181 0.09121790178943
182 0.09121790178943
183 0.09121790178943
184 0.09121790178943
185 0.09121790178943
186 0.09121790178943
187 0.09121790178943
188 0.09121790178943
189 0.09121790178943
190 0.09121790178943
191 0.09121790178943
192 0.09121790178943
193 0.09121790178943
194 0.09121790178943
195 0.09121790178943
196 0.09121790178943
197 0.09121790178943
198 0.09121790178943
199 0.09121790178943
200 0.09121790178943
201 0.09121790178943
202 0.09121790178943
203 0.09121790178943
204 0.09121790178943
205 0.09121790178943
206 0.09121790178943
207 0.09121790178943
208 0.09121790178943
209 0.09121790178943
210 0.09087018366597249
211 0.09087018366597249
212 0.09087018366597249
213 0.09087018366597249
214 0.09087018366597249
215 0.09087018366597249
216 0.09087018366597249
217 0.09087018366597249
218 0.09087018366597249
219 0.09087018366597249
220 0.09087018366597249
221 0.09087018366597249
222 0.09087018366597249
223 0.09087018366597249
224 0.09061338350474679
225 0.09061338350474679
226 0.09061338350474679
227 0.09006470300256589
228 0.09006470300256589
229 0.09006470300256589
230 0.09006470300256589
231 0.09006470300256589
232 0.09006470300256589
233 0.09006470300256589
234 0.09006470300256589
235 0.09006470300256589
236 0.09006470300256589
237 0.09006470300256589
238 0.09006470300256589
239 0.09006470300256589
240 0.09006470300256589
241 0.09006470300256589
242 0.09006470300256589
243 0.09006470300256589
244 0.09006470300256589
245 0.09006470300256589
246 0.09006470300256589
247 0.09006470300256589
248 0.09006470300256589
249 0.09006470300256589
250 0.09006470300256589
251 0.09006470300256589
252 0.09006470300256589
253 0.09006470300256589
254 0.09006470300256589
255 0.09006470300256589
256 0.09006470300256589
257 0.09006470300256589
258 0.09006470300256589
259 0.09006470300256589
260 0.09006470300256589
261 0.09006470300256589
262 0.09006470300256589
263 0.09006470300256589
264 0.09006470300256589
265 0.09006470300256589
266 0.09006470300256589
267 0.09006470300256589
268 0.09006470300256589
269 0.09006470300256589
270 0.09006470300256589
271 0.09006470300256589
272 0.09006470300256589
273 0.09006470300256589
274 0.08952428523229111
275 0.08952428523229111
276 0.08952428523229111
277 0.08952428523229111
278 0.08952428523229111
279 0.08952428523229111
280 0.08952428523229111
281 0.08952428523229111
282 0.08952428523229111
283 0.08952428523229111
284 0.08952428523229111
285 0.08952428523229111
286 0.08952428523229111
287 0.08952428523229111
288 0.08952428523229111
289 0.08952428523229111
290 0.08909324227389798
291 0.08909324227389798
292 0.08909324227389798
293 0.08909324227389798
294 0.08909324227389798
295 0.08909324227389798
296 0.08909324227389798
297 0.08909324227389798
298 0.08909324227389798
299 0.08909324227389798
300 0.08909324227389798
301 0.08909324227389798
302 0.08909324227389798
303 0.08909324227389798
304 0.08909324227389798
305 0.08909324227389798
306 0.08909324227389798
307 0.08909324227389798
308 0.08909324227389798
309 0.08909324227389798
310 0.08909324227389798
311 0.08909324227389798
312 0.08909324227389798
313 0.08909324227389798
314 0.08909324227389798
315 0.08909324227389798
316 0.08909324227389798
317 0.08909324227389798
318 0.08909324227389798
319 0.08909324227389798
320 0.08909324227389798
321 0.08909324227389798
322 0.08909324227389798
323 0.08909324227389798
324 0.08909324227389798
325 0.08909324227389798
326 0.08909324227389798
327 0.08909324227389798
328 0.08909324227389798
329 0.08909324227389798
330 0.08909324227389798
331 0.08818104544141137
332 0.08818104544141137
333 0.08818104544141137
334 0.08818104544141137
335 0.08818104544141137
336 0.08818104544141137
337 0.08818104544141137
338 0.08818104544141137
339 0.08818104544141137
340 0.08818104544141137
341 0.08818104544141137
342 0.08818104544141137
343 0.08818104544141137
344 0.08818104544141137
345 0.08818104544141137
346 0.08818104544141137
347 0.08818104544141137
348 0.08818104544141137
349 0.08818104544141137
350 0.08818104544141137
351 0.08818104544141137
352 0.08818104544141137
353 0.08818104544141137
354 0.08818104544141137
355 0.08815320978208989
356 0.08815320978208989
357 0.08815320978208989
358 0.08815320978208989
359 0.08815320978208989
360 0.08815320978208989
361 0.08815320978208989
362 0.08815320978208989
363 0.08815320978208989
364 0.08815320978208989
365 0.08815320978208989
366 0.08815320978208989
367 0.08815320978208989
368 0.08815320978208989
369 0.08815320978208989
370 0.08815320978208989
371 0.08815320978208989
372 0.08815320978208989
373 0.08815320978208989
374 0.08815320978208989
375 0.08815320978208989
376 0.08815320978208989
377 0.08815320978208989
378 0.08815320978208989
379 0.08815320978208989
380 0.08815320978208989
381 0.08815320978208989
382 0.08815320978208989
383 0.08815320978208989
384 0.08815320978208989
385 0.08815320978208989
386 0.08815320978208989
387 0.08815320978208989
388 0.08815320978208989
389 0.08815320978208989
390 0.08815320978208989
391 0.08815320978208989
392 0.08815320978208989
393 0.08815320978208989
394 0.08815320978208989
395 0.08815320978208989
396 0.08815320978208989
397 0.08815320978208989
398 0.08815320978208989
399 0.08815320978208989
400 0.08815320978208989
401 0.08815320978208989
402 0.08815320978208989
403 0.08815320978208989
404 0.08815320978208989
405 0.08815320978208989
406 0.08815320978208989
407 0.08815320978208989
408 0.08815320978208989
409 0.08815320978208989
410 0.08815320978208989
411 0.08815320978208989
412 0.08815320978208989
413 0.08815320978208989
414 0.08815320978208989
415 0.08815320978208989
416 0.08815320978208989
417 0.08815320978208989
418 0.08815320978208989
419 0.08815320978208989
420 0.08815320978208989
421 0.08815320978208989
422 0.08815320978208989
423 0.08815320978208989
424 0.08815320978208989
425 0.08815320978208989
426 0.08797364043438761
427 0.08797364043438761
428 0.08797364043438761
429 0.08797364043438761
430 0.08797364043438761
431 0.08797364043438761
432 0.08797364043438761
433 0.08797364043438761
434 0.08797364043438761
435 0.08797364043438761
436 0.08797364043438761
437 0.08797364043438761
438 0.08797364043438761
439 0.08797364043438761
440 0.08797364043438761
441 0.08797364043438761
442 0.08797364043438761
443 0.08797364043438761
444 0.08797364043438761
445 0.08797364043438761
446 0.08797364043438761
447 0.08797364043438761
448 0.08797364043438761
449 0.08797364043438761
450 0.08797364043438761
451 0.08797364043438761
452 0.08797364043438761
453 0.08797364043438761
454 0.08797364043438761
455 0.08797364043438761
456 0.08797364043438761
457 0.08797364043438761
458 0.08711592487838639
459 0.08711592487838639
460 0.08711592487838639
461 0.08711592487838639
462 0.08711592487838639
463 0.08711592487838639
464 0.08711592487838639
465 0.08711592487838639
466 0.08711592487838639
467 0.08711592487838639
468 0.08711592487838639
469 0.08711592487838639
470 0.08711592487838639
471 0.08711592487838639
472 0.08711592487838639
473 0.08711592487838639
474 0.08711592487838639
475 0.08711592487838639
476 0.08711592487838639
477 0.08711592487838639
478 0.08711592487838639
479 0.08711592487838639
480 0.08711592487838639
481 0.08711592487838639
482 0.08711592487838639
483 0.08711592487838639
484 0.08711592487838639
485 0.08711592487838639
486 0.08711592487838639
487 0.08711592487838639
488 0.08711592487838639
489 0.08711592487838639
490 0.08711592487838639
491 0.08711592487838639
492 0.08711592487838639
493 0.08711592487838639
494 0.08711592487838639
495 0.08711592487838639
496 0.08711592487838639
497 0.08711592487838639
498 0.08711592487838639
499 0.08711592487838639
500 0.08695572912715313
501 0.08695572912715313
502 0.08695572912715313
503 0.08695572912715313
504 0.08695572912715313
505 0.08695572912715313
506 0.08695572912715313
507 0.08695572912715313
508 0.08695572912715313
509 0.08695572912715313
510 0.08695572912715313
511 0.08695572912715313
512 0.08695572912715313
513 0.08695572912715313
514 0.08695572912715313
515 0.08695572912715313
516 0.08695572912715313
517 0.08695572912715313
518 0.08695572912715313
519 0.08695572912715313
520 0.08695572912715313
521 0.08695572912715313
522 0.08695572912715313
523 0.08695572912715313
524 0.08695572912715313
525 0.08695572912715313
526 0.08695572912715313
527 0.08695572912715313
528 0.08695572912715313
529 0.08695572912715313
530 0.08695572912715313
531 0.08695572912715313
532 0.08695572912715313
533 0.08695572912715313
534 0.08695572912715313
535 0.08695572912715313
536 0.08695572912715313
537 0.08695572912715313
538 0.08695572912715313
539 0.08695572912715313
540 0.08695572912715313
541 0.08695572912715313
542 0.08695572912715313
543 0.08695572912715313
544 0.08695572912715313
545 0.08695572912715313
546 0.08695572912715313
547 0.08693988122821104
548 0.08693988122821104
549 0.08693988122821104
550 0.08693988122821104
551 0.08693988122821104
552 0.08693988122821104
553 0.08693988122821104
554 0.08693988122821104
555 0.08693988122821104
556 0.08693988122821104
557 0.08693988122821104
558 0.08693988122821104
559 0.08693988122821104
560 0.08693988122821104
561 0.08693988122821104
562 0.08693988122821104
563 0.08693988122821104
564 0.08693988122821104
565 0.08693988122821104
566 0.08693988122821104
567 0.08693988122821104
568 0.08693988122821104
569 0.08693988122821104
570 0.08693988122821104
571 0.08693988122821104
572 0.08693988122821104
573 0.08693988122821104
574 0.08693988122821104
575 0.08693988122821104
576 0.08693988122821104
577 0.08693988122821104
578 0.08693988122821104
579 0.08693988122821104
580 0.08693988122821104
581 0.08693988122821104
582 0.08693988122821104
583 0.08693988122821104
584 0.08693988122821104
585 0.08693988122821104
586 0.08693988122821104
587 0.08693988122821104
588 0.08693988122821104
589 0.08693988122821104
590 0.08693988122821104
591 0.08693988122821104
592 0.08693988122821104
593 0.08693988122821104
594 0.08693988122821104
595 0.08693988122821104
596 0.08693988122821104
597 0.08693988122821104
598 0.08693988122821104
599 0.08693988122821104
600 0.08693988122821104
601 0.08693988122821104
602 0.08693988122821104
603 0.08693988122821104
604 0.08693988122821104
605 0.08693988122821104
606 0.08693988122821104
607 0.08693988122821104
608 0.08693988122821104
609 0.08693988122821104
610 0.08693988122821104
611 0.08693988122821104
612 0.08693988122821104
613 0.08693988122821104
614 0.08693988122821104
615 0.08693988122821104
616 0.08693988122821104
617 0.08693988122821104
618 0.08693988122821104
619 0.08693988122821104
620 0.08693988122821104
621 0.08693988122821104
622 0.08693988122821104
623 0.08693988122821104
624 0.08693988122821104
625 0.08693988122821104
626 0.08693988122821104
627 0.08693988122821104
628 0.08693988122821104
629 0.08693988122821104
630 0.08693988122821104
631 0.08693988122821104
632 0.08693988122821104
633 0.08693988122821104
634 0.08693988122821104
635 0.08693988122821104
636 0.08693988122821104
637 0.08693988122821104
638 0.08693988122821104
639 0.08693988122821104
640 0.08693988122821104
641 0.08688689138751048
642 0.08688689138751048
643 0.08688689138751048
644 0.08688689138751048
645 0.08688689138751048
646 0.08688689138751048
647 0.08688689138751048
648 0.08688689138751048
649 0.08688689138751048
650 0.08688689138751048
651 0.08688689138751048
652 0.08688689138751048
653 0.08688689138751048
654 0.08688689138751048
655 0.08688689138751048
656 0.08688689138751048
657 0.08688689138751048
658 0.08688689138751048
659 0.08688689138751048
660 0.08688689138751048
661 0.08688689138751048
662 0.08688689138751048
663 0.08688689138751048
664 0.08688689138751048
665 0.08688689138751048
666 0.08688689138751048
667 0.08688689138751048
668 0.08688689138751048
669 0.08688689138751048
670 0.08688689138751048
671 0.08688689138751048
672 0.08688689138751048
673 0.08688689138751048
674 0.08688689138751048
675 0.08688689138751048
676 0.08688689138751048
677 0.08688689138751048
678 0.08688689138751048
679 0.08688689138751048
680 0.08688689138751048
681 0.08688689138751048
682 0.08688689138751048
683 0.08688689138751048
684 0.08688689138751048
685 0.08688689138751048
686 0.08688689138751048
687 0.08688689138751048
688 0.08688689138751048
689 0.08688689138751048
690 0.08688689138751048
691 0.08688689138751048
692 0.08688689138751048
693 0.08688689138751048
694 0.08688689138751048
695 0.08688689138751048
696 0.08688689138751048
697 0.08688689138751048
698 0.08688689138751048
699 0.08688689138751048
700 0.08688689138751048
701 0.08688689138751048
702 0.08688689138751048
703 0.08688689138751048
704 0.08688689138751048
705 0.08688689138751048
706 0.08688689138751048
707 0.08688689138751048
708 0.08688689138751048
709 0.08688689138751048
710 0.08688689138751048
711 0.08688689138751048
712 0.08688689138751048
713 0.08688689138751048
714 0.08688689138751048
715 0.08688689138751048
716 0.08688689138751048
717 0.08688689138751048
718 0.08688689138751048
719 0.08688689138751048
720 0.08688689138751048
721 0.08688689138751048
722 0.08688689138751048
723 0.08688689138751048
724 0.08688689138751048
725 0.08688689138751048
726 0.08688689138751048
727 0.08688689138751048
728 0.08688689138751048
729 0.08688689138751048
730 0.08688689138751048
731 0.08688689138751048
732 0.08688689138751048
733 0.08688689138751048
734 0.08688689138751048
735 0.08688689138751048
736 0.08688689138751048
737 0.08688689138751048
738 0.08688689138751048
739 0.08688689138751048
740 0.08688689138751048
741 0.08688689138751048
742 0.08688689138751048
743 0.08688689138751048
744 0.08688689138751048
745 0.08688689138751048
746 0.08688689138751048
747 0.08688689138751048
748 0.08688689138751048
749 0.08688689138751048
750 0.08688689138751048
751 0.08688689138751048
752 0.08688689138751048
753 0.08688689138751048
754 0.08688689138751048
755 0.08688689138751048
756 0.08688689138751048
757 0.08688689138751048
758 0.08688689138751048
759 0.08688689138751048
760 0.08688689138751048
761 0.08688689138751048
762 0.08688689138751048
763 0.08688689138751048
764 0.08668445261321384
765 0.08668445261321384
766 0.08668445261321384
767 0.08668445261321384
768 0.08668445261321384
769 0.08668445261321384
770 0.08668445261321384
771 0.08668445261321384
772 0.08668445261321384
773 0.08668445261321384
774 0.08668445261321384
775 0.08668445261321384
776 0.08668445261321384
777 0.08668445261321384
778 0.08668445261321384
779 0.08668445261321384
780 0.08668445261321384
781 0.08668445261321384
782 0.08668445261321384
783 0.08668445261321384
784 0.08668445261321384
785 0.08668445261321384
786 0.08668445261321384
787 0.08668445261321384
788 0.08668445261321384
789 0.08668445261321384
790 0.08668445261321384
791 0.08668445261321384
792 0.08668445261321384
793 0.08668445261321384
794 0.08668445261321384
795 0.08668445261321384
796 0.08668445261321384
797 0.08668445261321384
798 0.08668445261321384
799 0.08668445261321384
800 0.08668445261321384
801 0.08668445261321384
802 0.08668445261321384
803 0.08668445261321384
804 0.08668445261321384
805 0.08668445261321384
806 0.08668445261321384
807 0.08668445261321384
808 0.08668445261321384
809 0.08668445261321384
810 0.08668445261321384
811 0.08668445261321384
812 0.08668445261321384
813 0.08668445261321384
814 0.08668445261321384
815 0.08668445261321384
816 0.08668445261321384
817 0.08668445261321384
818 0.08668445261321384
819 0.08668445261321384
820 0.08668445261321384
821 0.08668445261321384
822 0.08668445261321384
823 0.08668445261321384
824 0.08668445261321384
825 0.08668445261321384
826 0.08668445261321384
827 0.08668445261321384
828 0.08668445261321384
829 0.08668445261321384
830 0.08668445261321384
831 0.08668445261321384
832 0.08668445261321384
833 0.08668445261321384
834 0.08668445261321384
835 0.08668445261321384
836 0.08668445261321384
837 0.08668445261321384
838 0.08668445261321384
839 0.08668445261321384
840 0.08668445261321384
841 0.08668445261321384
842 0.08668445261321384
843 0.08668445261321384
844 0.08668445261321384
845 0.08668445261321384
846 0.08668445261321384
847 0.08668445261321384
848 0.08668445261321384
849 0.08668445261321384
850 0.08668445261321384
851 0.08668445261321384
852 0.08668445261321384
853 0.08668445261321384
854 0.08668445261321384
855 0.08668445261321384
856 0.08668445261321384
857 0.08668445261321384
858 0.08668445261321384
859 0.08668445261321384
860 0.08668445261321384
861 0.08668445261321384
862 0.08612147976934645
863 0.08543275430244955
864 0.08543275430244955
865 0.08543275430244955
866 0.08543275430244955
867 0.08543275430244955
868 0.08543275430244955
869 0.08543275430244955
870 0.08543275430244955
871 0.08543275430244955
872 0.08543275430244955
873 0.08543275430244955
874 0.08543275430244955
875 0.08543275430244955
876 0.08543275430244955
877 0.08543275430244955
878 0.08543275430244955
879 0.08543275430244955
880 0.08543275430244955
881 0.08543275430244955
882 0.08543275430244955
883 0.08543275430244955
884 0.08543275430244955
885 0.08543275430244955
886 0.08543275430244955
887 0.08543275430244955
888 0.08543275430244955
889 0.08543275430244955
890 0.08543275430244955
891 0.08543275430244955
892 0.08543275430244955
893 0.08543275430244955
894 0.08543275430244955
895 0.08501117970859193
896 0.08501117970859193
897 0.08501117970859193
898 0.08501117970859193
899 0.08501117970859193
900 0.08501117970859193
901 0.08501117970859193
902 0.08501117970859193
903 0.08501117970859193
904 0.08501117970859193
905 0.08501117970859193
906 0.08501117970859193
907 0.08501117970859193
908 0.08501117970859193
909 0.08501117970859193
910 0.08501117970859193
911 0.08501117970859193
912 0.08501117970859193
913 0.08501117970859193
914 0.08501117970859193
915 0.08501117970859193
916 0.08501117970859193
917 0.08501117970859193
918 0.08501117970859193
919 0.08501117970859193
920 0.08501117970859193
921 0.08501117970859193
922 0.08501117970859193
923 0.08501117970859193
924 0.08501117970859193
925 0.08501117970859193
926 0.08501117970859193
927 0.08501117970859193
928 0.08501117970859193
929 0.08501117970859193
930 0.08501117970859193
931 0.08501117970859193
932 0.08501117970859193
933 0.08501117970859193
934 0.08501117970859193
935 0.08501117970859193
936 0.08501117970859193
937 0.08501117970859193
938 0.08501117970859193
939 0.08501117970859193
940 0.08501117970859193
941 0.08501117970859193
942 0.08501117970859193
943 0.08501117970859193
944 0.08501117970859193
945 0.08501117970859193
946 0.08501117970859193
947 0.08501117970859193
948 0.08501117970859193
949 0.08501117970859193
950 0.08501117970859193
951 0.08501117970859193
952 0.08501117970859193
953 0.08501117970859193
954 0.08501117970859193
955 0.08501117970859193
956 0.08501117970859193
957 0.08501117970859193
958 0.08501117970859193
959 0.08501117970859193
960 0.08501117970859193
961 0.08501117970859193
962 0.08501117970859193
963 0.08501117970859193
964 0.08501117970859193
965 0.08501117970859193
966 0.08501117970859193
967 0.08501117970859193
968 0.08501117970859193
969 0.08501117970859193
970 0.08501117970859193
971 0.08501117970859193
972 0.08501117970859193
973 0.08501117970859193
974 0.08501117970859193
975 0.08501117970859193
976 0.08501117970859193
977 0.08501117970859193
978 0.08501117970859193
979 0.08501117970859193
980 0.08501117970859193
981 0.08501117970859193
982 0.08501117970859193
983 0.08501117970859193
984 0.08501117970859193
985 0.08501117970859193
986 0.08501117970859193
987 0.08501117970859193
988 0.08501117970859193
989 0.08501117970859193
990 0.08501117970859193
991 0.08501117970859193
992 0.08501117970859193
993 0.08501117970859193
994 0.08501117970859193
995 0.08501117970859193
996 0.08501117970859193
997 0.08501117970859193
998 0.08501117970859193
999 0.08501117970859193
1000 0.08501117970859193
