1 0.21250268565943142
2 0.19904112677630265
3 0.20032488089892633
4 0.1997777809138399
5 0.19902183103135881
6 0.18900859366283101
7 0.18014004143191767
8 0.18179444495688418
9 0.17076736560137099
10 0.17569342547091926
11 0.17446146226920106
12 0.17203006589202482
13 0.16952022626577903
14 0.16334369158295411
15 0.15502311107773786
16 0.1532888367049176
17 0.1490841142259386
18 0.15116292340743662
19 0.15343136255372453
20 0.14586466887093763
21 0.1441371339375716
22 0.14285430885862044
23 0.14746333480997598
24 0.14619080319610436
25 0.15295972623447363
26 0.1472950609617218
27 0.14829987810532655
28 0.1484711840331711
29 0.14331867524351916
30 0.14381501407905894
31 0.13778687290868236
32 0.14061991064959795
33 0.13807346248847002
34 0.1351048088025526
35 0.13329045725962535
36 0.12726739839256435
37 0.1262039820036343
38 0.12561992189559792
39 0.1227036027777068
40 0.1266798151050874
41 0.12898907932583453
42 0.12791298246941507
43 0.13641742211092572
44 0.13164496642323387
45 0.12826837080026016
46 0.12606635631976384
47 0.1303908240571748
48 0.12857686678308494
49 0.12312196888141166
50 0.12405985557542955
51 0.11786676532044649
52 0.11695542026797623
53 0.1214576711895273
54 0.1232309570295521
55 0.12142958254467306
56 0.11740941033631351
57 0.12371676147333675
58 0.12245722585123023
59 0.12226296387688235
60 0.1195192052217082
61 0.11792966039204474
62 0.11482926594978785
63 0.11793325894180698
64 0.11908197062880384
65 0.1196183679318961
66 0.12321795208953149
67 0.12192189409746101
68 0.11965107561115254
69 0.12898067228394938
70 0.12714039433425475
71 0.1319843595009263
72 0.13668778879900922
73 0.12641726846837267
74 0.12523051560410536
75 0.12066221206716775
76 0.12260908014893401
77 0.1183338639839842
78 0.11805850643482915
79 0.11603723740950443
80 0.11743186574569682
81 0.11742243505113845
82 0.11154726740681015
83 0.11473043892019134
84 0.11115442442294488
85 0.11529991287470547
86 0.10716134760813734
87 0.10768620723603545
88 0.10778521943494583
89 0.1089123269807045
90 0.11175303160494625
91 0.107858159911093
92 0.10565860352084286
93 0.1056210523741517
94 0.10637471612182356
95 0.1029589136700753
96 0.10384115731269919
97 0.1032679666955612
98 0.10374094347284343
99 0.1029838277238767
100 0.1014811190231294
101 0.10621961400953817
102 0.10076630446324823
103 0.1004997527655672
104 0.10013562093001913
105 0.10388145342335776
106 0.10545891977521507
107 0.10717577460196362
108 0.1056836917797837
109 0.10686456889028562
110 0.10630749760775161
111 0.1061046155597585
112 0.10443137751922749
113 0.10715385215000409
114 0.108149072572236
115 0.1048723098054152
116 0.10393389749058497
117 0.10522496034536435
118 0.10956859985028886
119 0.109468348643753
120 0.11141871120164723
121 0.10757636088772216
122 0.10944416325723375
123 0.10739762480442196
124 0.11364418023498077
125 0.11160309052425257
126 0.11058680301772555
127 0.10492895539033587
128 0.10366498130052026
129 0.10179020264251305
130 0.1011115447919565
131 0.10251222698040785
132 0.1021803117588173
133 0.10337212962688025
134 0.1090480942103225
135 0.10778452855907979
136 0.10248859534353867
137 0.10380520964784215
138 0.10613018495673475
139 0.10625557174606723
140 0.10919380200910742
141 0.10609598524367372
142 0.10852871683596665
143 0.10395788000855065
144 0.11136416137662976
145 0.10382175574170835
146 0.1052316078140905
147 0.10657242149732193
148 0.11053294829965779
149 0.10607517471934748
150 0.10737730660020856
151 0.1072474466477423
152 0.10579540505470302
153 0.10649340708196002
154 0.10486853828094034
155 0.11031877854276254
156 0.10757246607061732
157 0.11303974028789483
158 0.11238639647237435
159 0.11584743308392131
160 0.1195673834722499
161 0.12084178856151535
162 0.1221069701300543
163 0.11856062940090392
164 0.11351615925907405
165 0.11427072156322773
166 0.11256281008267352
167 0.1084484179233969
168 0.11292906242588276
169 0.11235311005962131
170 0.11417442477263114
171 0.10993613305651245
172 0.10755325878866173
173 0.11208585134058402
174 0.1135149709871285
175 0.11647702361175238
176 0.11206267441937785
177 0.11831169116268792
178 0.1150868369720208
179 0.11108126069706277
180 0.11027814469029543
181 0.11110017044326569
182 0.11038445536683739
183 0.10748859110476318
184 0.11287752196102752
185 0.10970075129040564
186 0.10880916562631482
187 0.10816020987042592
188 0.10841169385753853
189 0.11063358414779204
190 0.1083430927304418
191 0.10656801283850767
192 0.10586714854673432
193 0.10967074069001904
194 0.10863348886688436
195 0.11171609545973107
196 0.1081991220563358
197 0.1099254014648852
198 0.10860538537753302
199 0.1086526589118003
200 0.1106173959153983
201 0.1120925066385147
202 0.1089414887366422
203 0.1090267219130445
204 0.10902192080482383
205 0.10869526261569283
206 0.10804315332260281
207 0.10914734419897855
208 0.10661001289072865
209 0.10631195947089307
210 0.10314365207465395
211 0.10533107286060524
212 0.10092078131923148
213 0.1045365842373549
214 0.10286800920996061
215 0.10608027489770065
216 0.10663914506551073
217 0.10442170383392488
218 0.10857446681709733
219 0.10947407832508275
220 0.10714787703373405
221 0.10698183507225305
222 0.10792423266211712
223 0.10383248056235968
224 0.10269343803920931
225 0.09971257289017207
226 0.10065956354655985
227 0.1002104160092263
228 0.09887755361918213
229 0.10152226910190987
230 0.1008887003498761
231 0.09930394264420664
232 0.10327514020428456
233 0.09773770449431494
234 0.09949592269047625
235 0.09945566002191743
236 0.09931857918867099
237 0.10057318570270508
238 0.10117024819198142
239 0.09915486448473183
240 0.09778047481588834
241 0.09813793602278399
242 0.0989921422004553
243 0.09827199903388961
244 0.10401462059350552
245 0.1038276640802449
246 0.10574680898567836
247 0.10548041705446583
248 0.10572587488529128
249 0.1072040177494995
250 0.1084478813944952
251 0.1066435528320265
252 0.10770180061735996
253 0.10340053367886262
254 0.10002258915213894
255 0.1019715623892137
256 0.10334044639047597
257 0.10690009124835012
258 0.10638166645011694
259 0.10442632213043357
260 0.10147411052719266
261 0.10626153339073552
262 0.10084183504396978
263 0.10426818194119507
264 0.1069856646835685
265 0.1068549014746691
266 0.10566430470483915
267 0.11259710424273398
268 0.10911089113739203
269 0.10214677811917587
270 0.10334233044805055
271 0.10417044392143963
272 0.10776865295282495
273 0.10443233125176153
274 0.10226748105389698
275 0.1038217924619657
276 0.10094819028033808
277 0.1017489336310327
278 0.1026110763017093
279 0.10120878408981478
280 0.1016784772360678
281 0.10558906790443012
282 0.1015532899411349
283 0.1047439032069221
284 0.102272636528942
285 0.1007230069712798
286 0.09646395084974353
287 0.10126216554091498
288 0.09651675303054615
289 0.09710783824545487
290 0.10018122954153448
291 0.10078880733973891
292 0.1030240390006007
293 0.1005856547574427
294 0.09800630807035231
295 0.1000864761311982
296 0.10094106831382876
297 0.09908190971993562
298 0.09900918296200364
299 0.10039459134132922
300 0.1016468448414165
301 0.10233211776611645
302 0.1062871533050002
303 0.10465459070628072
304 0.10125662971046792
305 0.1015862302376125
306 0.10385656850902862
307 0.10686576952305989
308 0.10231254604425126
309 0.10450091346748498
310 0.1076096062046901
311 0.11255611821979339
312 0.1143269137192628
313 0.1141044171774812
314 0.11382743748763477
315 0.11762204782031474
316 0.11485149031988626
317 0.1122076625443911
318 0.1113674528493589
319 0.10741476188129173
320 0.11028558044663145
321 0.1046927205888166
322 0.10673442553191588
323 0.1044246099243464
324 0.10415657532606286
325 0.10382770759420006
326 0.11083822172039715
327 0.11008093807891907
328 0.10156175275195048
329 0.10288222283254586
330 0.10925777924229235
331 0.10837453395849288
332 0.10676821216736343
333 0.105603652475614
334 0.1069087999615002
335 0.10284361033863942
336 0.10570125014806245
337 0.1032875206570294
338 0.10265653956793805
339 0.10234287119333907
340 0.10120577381007974
341 0.1041524296061644
342 0.10367137291572122
343 0.10295134400258181
344 0.10076273696053188
345 0.10602613334843505
346 0.10338745416219106
347 0.0997766065538467
348 0.1043604796110158
349 0.10687623559726216
350 0.1090788710612304
351 0.11050707127525056
352 0.10481657455020632
353 0.1062897628337801
354 0.10889938848347454
355 0.10885750913787362
356 0.10441215905930024
357 0.10126866484336157
358 0.10196281800320005
359 0.10223382538659842
360 0.09841467800198239
361 0.09435330578107712
362 0.09854107441187733
363 0.09871593621568711
364 0.09806605857037191
365 0.09430048048024658
366 0.09418618296702944
367 0.09919944075723454
368 0.0969316864623652
369 0.1011230919951244
370 0.10160999481876574
371 0.10408297027402018
372 0.10680564424269752
373 0.10759904293384197
374 0.10663583527701777
375 0.10365840205805547
376 0.10689845507828
377 0.10490738393478306
378 0.10298476340576605
379 0.10454192517248768
380 0.10639068828248224
381 0.10521241139030572
382 0.10799209774249675
383 0.10702243535424145
384 0.10669609007708387
385 0.1099470415748164
386 0.1155813903377272
387 0.12093392124998123
388 0.1213503027876334
389 0.12465686323096299
390 0.12327010107975674
391 0.12528589743274016
392 0.12640775161873483
393 0.12532424816632784
394 0.1249120049333775
395 0.1287355390058357
396 0.12899272451653346
397 0.1279898572825339
398 0.12963630371891333
399 0.128486494745704
400 0.1254005486230741
401 0.13050216091277295
402 0.12732411860731796
403 0.1245386409048703
404 0.1220874112655415
405 0.1224922573605154
406 0.12205104038771615
407 0.12178290875446345
408 0.11937854547213562
409 0.1162072696623543
410 0.11771907743192167
411 0.11445728769447786
412 0.12044663961295615
413 0.12036724775122058
414 0.11359845327793806
415 0.11710718793644093
416 0.1129834569860676
417 0.1108107444031119
418 0.10260701014401127
419 0.10485748484470499
420 0.106489277653242
421 0.11023783095064152
422 0.10877524743963103
423 0.10405684488477375
424 0.10412211923522297
425 0.10413896868118606
426 0.10454387586716622
427 0.1025087455590501
428 0.10620516537864932
429 0.10344042211914775
430 0.10399295350071873
431 0.10841166501871012
432 0.10710641950473632
433 0.10582913858660616
434 0.10645872353757428
435 0.11300895735486385
436 0.11321418613820866
437 0.11061100585509738
438 0.10945543970943715
439 0.1083825092568171
440 0.10914308429652568
441 0.10515261810428315
442 0.10879407694051582
443 0.11406878802070765
444 0.11670637136804665
445 0.11499082661554455
446 0.11399688030417525
447 0.11429941493234808
448 0.10798016693989318
449 0.10804002561426507
450 0.10654709001315828
451 0.10513420463354647
452 0.10287931513097193
453 0.10262118535086613
454 0.1000360394260383
455 0.09942135655006912
456 0.10192824887210995
457 0.09992869056201927
458 0.0999409622809454
459 0.09854108773274553
460 0.09859845612573764
461 0.09603258545124974
462 0.09611142016556379
463 0.09632856597018989
464 0.09759490005667311
465 0.09918009397855436
466 0.09931899818776917
467 0.10220013457644724
468 0.10702405834563603
469 0.10440104950938703
470 0.10671961700053277
471 0.1054238763733838
472 0.10415983807086208
473 0.1034424083356637
474 0.10442479920868945
475 0.1029825694568943
476 0.10681285376411032
477 0.10348566942155572
478 0.10248069530952672
479 0.1060188476302343
480 0.1025037408916177
481 0.10419916103056405
482 0.10224676418422682
483 0.1029165110670217
484 0.09852500415076522
485 0.10226426580817816
486 0.10437374394790984
487 0.1033169680451131
488 0.10289682834483307
489 0.10145071440541273
490 0.1023199708952515
491 0.10517602292182553
492 0.10512696973572744
493 0.10454676488903998
494 0.10615225969454059
495 0.10104520059252897
496 0.10412058814655278
497 0.10042899577212107
498 0.10302217116025877
499 0.10141955781478407
500 0.10051598435449427
501 0.10172916341692075
502 0.10242401817323543
503 0.1004591277257741
504 0.10218104630184208
505 0.10235353877742162
506 0.09953021713815934
507 0.1027584186561537
508 0.0993439550613691
509 0.0991885022467293
510 0.10373133589396147
511 0.10149817376280335
512 0.10698133719193635
513 0.1022174040915579
514 0.10755479242930155
515 0.10620191172178951
516 0.10035309569524171
517 0.10267480753892126
518 0.10541372113884521
519 0.10400533874726332
520 0.10656654960457268
521 0.10459341421720558
522 0.10723294876837897
523 0.10735871555922478
524 0.1111079455846534
525 0.10929093083595913
526 0.10931351720689896
527 0.11538403406507194
528 0.11563473349000689
529 0.11568644972013722
530 0.11693953532312802
531 0.11454464403788953
532 0.11084053307638
533 0.10935756615363797
534 0.10819080474784307
535 0.11091585968225832
536 0.11262054289377102
537 0.10432912963482785
538 0.1078198374041241
539 0.10574163813418105
540 0.10281167570239165
541 0.104485450177881
542 0.10320966278385064
543 0.10700183076670924
544 0.1034494806749165
545 0.10704861595712216
546 0.10771274635039155
547 0.1022714308444919
548 0.10037885621697278
549 0.1000962315175761
550 0.09926889032418976
551 0.09893518747953994
552 0.0966575081151754
553 0.09753011354119337
554 0.10296830353295415
555 0.10175049730972335
556 0.09737165961415042
557 0.09910299541794435
558 0.10086586307462542
559 0.09750544179176233
560 0.10142690452538108
561 0.09947712255789835
562 0.09649503880899643
563 0.09244907891819057
564 0.09274895493571628
565 0.09535442372091878
566 0.09885804938348244
567 0.1005037828247871
568 0.10419832245721328
569 0.0979147951575824
570 0.09528970124620956
571 0.09740220977151796
572 0.0973695656964532
573 0.10317041174610495
574 0.10531353864957278
575 0.1064325426700963
576 0.10456712803248187
577 0.10637537943547125
578 0.10578345205691797
579 0.10362585540156921
580 0.10501518713064373
581 0.11047602426115984
582 0.10647375575368412
583 0.1080308390040811
584 0.1041366190837811
585 0.10315361888210366
586 0.10594456577544956
587 0.1047824110919633
588 0.10221874364796027
589 0.10611478345302379
590 0.10679534563191921
591 0.10754699682744845
592 0.10638648022058377
593 0.10698122314205387
594 0.10869094947197548
595 0.111826744293633
596 0.11468504258806486
597 0.11053795252133643
598 0.10938415920665408
599 0.11122584774545383
600 0.10921395493218347
601 0.11216310043084117
602 0.10439810005390752
603 0.10176051196756782
604 0.10606203388991375
605 0.11295529886340883
606 0.1054090647136443
607 0.11095738772505367
608 0.1018250109864798
609 0.10266372746687732
610 0.10425473130999405
611 0.10285706852180485
612 0.1076804135994778
613 0.11367956909307202
614 0.1088729012219892
615 0.10657499410445923
616 0.10669910490032344
617 0.10808389300509391
618 0.1064038346505026
619 0.10131540848873133
620 0.1029764982604711
621 0.10710166215477208
622 0.10607302309007055
623 0.10872334231694755
624 0.11425631295495353
625 0.11738735626681174
626 0.11880869256289653
627 0.1173111958706991
628 0.11576148487438677
629 0.1184134466607437
630 0.11612863756348989
631 0.11245589439428512
632 0.10880444374534816
633 0.10190194757133406
634 0.10164607359563038
635 0.10919835351567223
636 0.10822629297047441
637 0.10640188909065167
638 0.10422328500906435
639 0.10605028602782252
640 0.10730834916832402
641 0.10653093840699772
642 0.10822440773069804
643 0.10507510443730135
644 0.10578653741708292
645 0.10569599651161954
646 0.10912957531684021
647 0.10827790305350198
648 0.11039807829231751
649 0.1058444397085483
650 0.10234454181455577
651 0.10518833907985395
652 0.10374382379990184
653 0.10291644294643915
654 0.10214839143336295
655 0.09846012372294902
656 0.1025320335978246
657 0.10258480399312075
658 0.10042756052908627
659 0.1025085865709705
660 0.1001622227208776
661 0.10294135488934125
662 0.10331804706991028
663 0.102598578875453
664 0.100672282422913
665 0.10003844032210095
666 0.10171223042570991
667 0.10319738085570122
668 0.09804969650724224
669 0.09900401914671214
670 0.0972394741389066
671 0.09923210575676542
672 0.0978701228135792
673 0.10215746778127396
674 0.10595603761018864
675 0.102973374690364
676 0.09982350671230009
677 0.10009870926303725
678 0.10061033947229056
679 0.1018207573735743
680 0.09988395987668529
681 0.09632220193320631
682 0.09630782577191563
683 0.09634417013632887
684 0.10121092871465354
685 0.10400185990477427
686 0.10425668971474338
687 0.1018038320406957
688 0.10525775872947618
689 0.10399060899715255
690 0.10667978602068881
691 0.1058739018763492
692 0.10886672385085779
693 0.11034095600959913
694 0.11033494770932235
695 0.10936010462564726
696 0.10805254010804365
697 0.10779501896633124
698 0.10419757693850466
699 0.10931933321904395
700 0.1057417961215861
701 0.10823353850108022
702 0.1091158749191644
703 0.10594682519937786
704 0.10194356974825614
705 0.10276068307313357
706 0.1018599103927247
707 0.10352885916648587
708 0.10396665312661246
709 0.10021143918814578
710 0.09809217041398563
711 0.09688342677751
712 0.09677175373892108
713 0.09489243997540493
714 0.09861286868545616
715 0.09964373923120405
716 0.10173899269838423
717 0.10056557825165224
718 0.10227755318297342
719 0.09917392997399237
720 0.10389151826629543
721 0.1001370605653102
722 0.09917717438842197
723 0.10159876748665901
724 0.0985570071270906
725 0.09888643955324755
726 0.09945381490577944
727 0.09834333431400202
728 0.0951688015064047
729 0.09697871267120659
730 0.09768766556942515
731 0.09796353404869375
732 0.09754587166102832
733 0.0980721088851456
734 0.09914689336900281
735 0.10280905843516361
736 0.10007476538742208
737 0.1047963957768762
738 0.10334461988693133
739 0.1029050943798402
740 0.10060004699038065
741 0.09923662339860058
742 0.09907366218394917
743 0.1005419909237584
744 0.09977478451132485
745 0.09804454476621927
746 0.10035535336302435
747 0.10054482613175002
748 0.09210399866398489
749 0.0941427141132983
750 0.09303560493839669
751 0.09670456006796288
752 0.09544506943174288
753 0.09674933350209658
754 0.09783712365716979
755 0.09394302872400222
756 0.09400108660322767
757 0.09799580025199635
758 0.0954797952364614
759 0.09677613339008155
760 0.09954112309609604
761 0.09838931397539205
762 0.10106800285487795
763 0.09787703300945741
764 0.09600229727370875
765 0.09999819492026597
766 0.09609609130874829
767 0.09941723838674195
768 0.10298917307058433
769 0.10123255427279572
770 0.1028921423618525
771 0.10960247961880296
772 0.1022586861215039
773 0.10661870739029836
774 0.1060991086999071
775 0.10951551613846293
776 0.10658164101940522
777 0.10543470774418406
778 0.10580514113489926
779 0.10812039908857765
780 0.11400872281384293
781 0.11330966376882864
782 0.11099548590696977
783 0.11396064874897285
784 0.10936370407840328
785 0.10756495320201005
786 0.11048985664458395
787 0.10559480918724702
788 0.10829037486409512
789 0.1081039683821578
790 0.10758883019501106
791 0.1056604826525912
792 0.11151179429699216
793 0.1077947446813017
794 0.10915857906433049
795 0.10919570970301305
796 0.10907058055792869
797 0.10899198162102144
798 0.10901673799950864
799 0.1065658974413124
800 0.1049179882693857
801 0.10897199642033484
802 0.10575849875111268
803 0.10598735418791624
804 0.1052177045557663
805 0.10554479208912465
806 0.1088459440796732
807 0.10685225481922185
808 0.1071001209596673
809 0.10801502615367002
810 0.1111589602878506
811 0.11245679297503022
812 0.11088769879171959
813 0.10688715175353596
814 0.1070604215344465
815 0.10924636984188386
816 0.10796533868173161
817 0.1066277742429332
818 0.10772328716906335
819 0.10720307833171125
820 0.10633694622372467
821 0.10627157854492217
822 0.10676846862731053
823 0.1106467564009053
824 0.1079418904791857
825 0.11537515635502789
826 0.11965922016943065
827 0.1170800801856137
828 0.12143015446057312
829 0.12009439188950086
830 0.122744156104323
831 0.11539869974564798
832 0.10726731022906973
833 0.10770283524934325
834 0.10921915582525052
835 0.10783779948234193
836 0.11167180666804344
837 0.10723892166767525
838 0.11233546804067925
839 0.11353529489292583
840 0.11383990541053891
841 0.1140670183600637
842 0.113154490241566
843 0.11680675797278621
844 0.11208064888368795
845 0.1142231667456777
846 0.1119926853526892
847 0.11222531031223837
848 0.11449556580980037
849 0.11380184627200711
850 0.11449035442101807
851 0.11138515248999895
852 0.10472789297852188
853 0.1091314232846073
854 0.10192999385465742
855 0.10648284104040781
856 0.10471809385422486
857 0.10656733852101714
858 0.10396326685276358
859 0.11074008678083495
860 0.11097277580515265
861 0.10396520323046765
862 0.1010300080647353
863 0.10114202884297074
864 0.1017017652177519
865 0.0992735017654309
866 0.09903250647640001
867 0.0980194388598013
868 0.1021617312118017
869 0.10332124958152225
870 0.10492014665229588
871 0.0961194556832054
872 0.10054511746123387
873 0.10078519740063492
874 0.09981176591310678
875 0.09666854770944357
876 0.0978831922152953
877 0.09758703207577521
878 0.09537823905970805
879 0.09649042267704076
880 0.09461920198055535
881 0.09894450935854132
882 0.09944791391478545
883 0.1019960605252825
884 0.10212624159067207
885 0.10268666610512071
886 0.1038104044088959
887 0.10582490033573712
888 0.10399299755857287
889 0.10760472858891497
890 0.10259631745092132
891 0.1073748965148763
892 0.10359587432079045
893 0.10509223055610782
894 0.10392117388224115
895 0.10399446311251592
896 0.1044538576363643
897 0.10005755991763152
898 0.09757629862567417
899 0.09752626960693635
900 0.09772384911934223
901 0.09782728280563499
902 0.09851834384054638
903 0.09226005226716819
904 0.09783736412784154
905 0.09627994925229924
906 0.09447405614135447
907 0.09269563524223426
908 0.0987309099815985
909 0.09471604192894413
910 0.09249899928233032
911 0.09064035534636518
912 0.09590480729046227
913 0.09228261763430598
914 0.0906831120898598
915 0.09451787175442715
916 0.09451838504306712
917 0.09220325957842096
918 0.09540592281694261
919 0.09402871677093054
920 0.09405123813346486
921 0.09534163089245545
922 0.09391652389794697
923 0.0952954907744706
924 0.096248538238567
925 0.092910271751629
926 0.09214710319320032
927 0.09731660675625423
928 0.09600868967879143
929 0.09980543825856313
930 0.10103943810281613
931 0.10029202036332525
932 0.10011747958840499
933 0.09568906329268222
934 0.09725610363697033
935 0.09820497060889236
936 0.09884419917049803
937 0.09982542867871871
938 0.10189923669576069
939 0.09987197015519816
940 0.10073449496383002
941 0.10336704356476747
942 0.10248792395501387
943 0.09952158787054757
944 0.09651181977364043
945 0.10096800340859632
946 0.09986521299796816
947 0.10475300921998151
948 0.10615441649253535
949 0.1043643320994052
950 0.10565498778538651
951 0.10407261388139935
952 0.10304152158429691
953 0.10099254046221245
954 0.10143287050225824
955 0.09823013994463183
956 0.09813996253137311
957 0.09655077227932277
958 0.10245351258718774
959 0.09830829241721305
960 0.09745664078333412
961 0.0980101164940807
962 0.09917976072652868
963 0.09628659862720346
964 0.09443049581896482
965 0.09636211788131575
966 0.09776845441126857
967 0.09457890565210848
968 0.09533189838506675
969 0.09370634145559315
970 0.0963873822927464
971 0.09796654573781695
972 0.1000057559865594
973 0.09438060587509874
974 0.09354331496880945
975 0.0934863888483225
976 0.09602839053027493
977 0.0953956005543797
978 0.09735415154046952
979 0.09555673116024817
980 0.09719313832052319
981 0.09633733020744215
982 0.10064465645025542
983 0.09731612970200647
984 0.10110301456167503
985 0.09770491384073055
986 0.09582580996189637
987 0.09663358373210845
988 0.09459026169719546
989 0.09682726720184488
990 0.09429309178167947
991 0.0944080402502784
992 0.09947299408098056
993 0.09458108213065629
994 0.09931754739463354
995 0.10053960665271322
996 0.10056770479439064
997 0.095597053746704
998 0.09806963278445939
999 0.09738600227450031
1000 0.0992803658215008
