1 0.28529291265977097
2 0.21344631334395148
3 0.22655685994798555
4 0.21952215359690602
5 0.2905234240287929
6 0.21698570655694288
7 0.19493420993396945
8 0.23026320421445795
9 0.1954491034604815
10 0.2328947290961745
11 0.20025816631647592
12 0.20504833306484507
13 0.19633340943069522
14 0.21855129363048784
15 0.16815030602405626
16 0.1930438116162427
17 0.16635458904029196
18 0.1919488871734821
19 0.19733335506027394
20 0.16984820154752928
21 0.1672198699364336
22 0.15868468591500953
23 0.17819099962217838
24 0.19988028004017747
25 0.19120158099792323
26 0.1654278245501526
27 0.1661888707351307
28 0.19149599833652808
29 0.1634039901906542
30 0.1652540544919086
31 0.160157999160807
32 0.16731351660795715
33 0.18574836742586134
34 0.175737337360474
35 0.1697470400995708
36 0.15262664669498605
37 0.1462227541682105
38 0.1605626120475033
39 0.13679567901789394
40 0.1520307827947843
41 0.14667822386230678
42 0.15231642887902566
43 0.1629826223669071
44 0.15064600851433152
45 0.14503650491906958
46 0.1454525082238921
47 0.1786155596198274
48 0.1916316365838735
49 0.16294678119568326
50 0.15133649261275575
51 0.14642384004110445
52 0.13768927391381702
53 0.14000422076616265
54 0.15975088146708424
55 0.14222455599353012
56 0.12658959451057467
57 0.14931977059605522
58 0.16211509178209996
59 0.14666431741930966
60 0.14946180275771492
61 0.15858681882524645
62 0.12740371213668134
63 0.15018042436714749
64 0.15174403736489153
65 0.14567076967625012
66 0.16775347278831834
67 0.1642396219713161
68 0.14091837957469033
69 0.1631132943824391
70 0.14522569895722992
71 0.16478933354768324
72 0.19983361618032905
73 0.15041415597861837
74 0.19224005992005155
75 0.14100730217305374
76 0.15531294567336448
77 0.14274300188037398
78 0.1652326331092617
79 0.13119184806293321
80 0.13798315040526316
81 0.14970660779907163
82 0.14228110433732677
83 0.1468595749280629
84 0.15203943749522444
85 0.1557456173555123
86 0.1227660771615616
87 0.13134087471406836
88 0.139573835480603
89 0.1489057735144042
90 0.1421506066159936
91 0.1218725756583936
92 0.1292169344761523
93 0.14112897514453907
94 0.13715997811619488
95 0.12838757757715677
96 0.12951186404332543
97 0.12481815897683644
98 0.1231019259107155
99 0.12828197182581433
100 0.11883919242272611
101 0.13843718324431012
102 0.11237937054780621
103 0.11594007301800244
104 0.11830430945274924
105 0.12545697228307617
106 0.12464110501226897
107 0.13227122188317147
108 0.1287146396232967
109 0.13421039203163757
110 0.12688709990016334
111 0.12655143240823638
112 0.11848077405714479
113 0.13146674368444683
114 0.15016435991468408
115 0.1295018548919374
116 0.12574926651241417
117 0.1417260928749381
118 0.1316767936672186
119 0.13834414062621392
120 0.13127756773430094
121 0.12569709082643127
122 0.1604391280234465
123 0.1431597698711827
124 0.16773885303515584
125 0.1559658572821076
126 0.13754169889457138
127 0.12809709266379724
128 0.13286925836938504
129 0.11714354959406054
130 0.11975421338479794
131 0.14457819019096305
132 0.1355258933360167
133 0.13056214748262818
134 0.14604967017582748
135 0.14527449361949785
136 0.11806823182468806
137 0.12305793695393175
138 0.13475132355406427
139 0.12497594527894994
140 0.13939291082629435
141 0.12338408019824633
142 0.14797806032950397
143 0.11555867027915565
144 0.1394057296108517
145 0.11828572873045635
146 0.1285142828946669
147 0.14574625241560957
148 0.15278779121192004
149 0.13346278691489233
150 0.14306742707605355
151 0.14190426528335418
152 0.13137864029342572
153 0.13483579433071582
154 0.12693095241941105
155 0.15001933114708146
156 0.13335734075848968
157 0.15978979175614802
158 0.13176502080608404
159 0.140812543351029
160 0.15344962774809107
161 0.15686807786514392
162 0.14526507793206175
163 0.15199633987626646
164 0.13601960490079137
165 0.14258442085337464
166 0.139590995898661
167 0.13085741330304768
168 0.144915369322677
169 0.15891554896353996
170 0.13492197011712354
171 0.1588301565669888
172 0.1338053215425069
173 0.1401029974988812
174 0.14187714643036348
175 0.15496842446083295
176 0.13007318876371096
177 0.16017463752005104
178 0.16232743353644852
179 0.13018923729476822
180 0.1385914226623414
181 0.1417287021619224
182 0.15967698313895928
183 0.1344525247811573
184 0.14310153395443473
185 0.12681876930815328
186 0.14331669814184667
187 0.1368870047253079
188 0.12986546150907383
189 0.13521927116741037
190 0.13757869309345816
191 0.138633672647608
192 0.1324911641835417
193 0.13803358576607044
194 0.14441556923703333
195 0.14492578000840936
196 0.1355505392017268
197 0.13252407141578204
198 0.13108766391423393
199 0.13201329926335137
200 0.13459898736137701
201 0.12965813993362618
202 0.13298279627071657
203 0.1490937427879934
204 0.12844063982087855
205 0.12814647636616602
206 0.13335244670271712
207 0.13600394298331353
208 0.12747146684247684
209 0.1367155897175571
210 0.12519421003356296
211 0.12631295949366225
212 0.11404678560113753
213 0.13290923872152974
214 0.12191905087459819
215 0.14493130274132077
216 0.14124615677592928
217 0.12392782234329269
218 0.1453507795318002
219 0.13841633602293082
220 0.14251819173719887
221 0.1332917524758139
222 0.13716289138144452
223 0.12903402964901461
224 0.12262840625648692
225 0.11218687249523254
226 0.11639122353011142
227 0.12109719026062009
228 0.11055521314966145
229 0.12132321548889619
230 0.11997927721741346
231 0.12491475943741384
232 0.12846820607864723
233 0.10727020840183962
234 0.12048379753801956
235 0.11754440617720344
236 0.1220830162028545
237 0.12658097773967045
238 0.14359018611425922
239 0.11932859451454898
240 0.12021879450903067
241 0.1232985006247301
242 0.1352455318163213
243 0.11458339110420722
244 0.12180636189872959
245 0.12328947622106118
246 0.1341697705376326
247 0.1280251892159286
248 0.12200809116539894
249 0.13775018243883488
250 0.1437391354044006
251 0.1372441949572104
252 0.15612416425125059
253 0.12128627606071153
254 0.12508033737787616
255 0.119173763241194
256 0.12445989325839465
257 0.12383247599601228
258 0.12557768627809773
259 0.13969057418797068
260 0.12212024286083466
261 0.12998604199882716
262 0.12925493262410384
263 0.12741155540349566
264 0.13380401438632328
265 0.12348316827553646
266 0.14226908032733146
267 0.17667122340544292
268 0.14203168150084258
269 0.11935696622527014
270 0.1249766206686253
271 0.1276208534543933
272 0.15249025790829204
273 0.12840394190513452
274 0.1282097438892347
275 0.1630675903466908
276 0.14179900208780577
277 0.11936956777423928
278 0.13643449902504537
279 0.12731167624564382
280 0.12728098672222554
281 0.14035243132564892
282 0.1289938830269065
283 0.13287391338621649
284 0.11958466064931635
285 0.12639457305510118
286 0.12015276547629172
287 0.13321871973907343
288 0.11728391019757928
289 0.1323330868114855
290 0.1416635271208509
291 0.15236928388747925
292 0.15386240615308913
293 0.13820498600422007
294 0.12833121013983484
295 0.118602702481817
296 0.13737452105514292
297 0.12061970930691067
298 0.12882480658936418
299 0.12622014796715444
300 0.13427174923402485
301 0.12876328907387138
302 0.12208174449595385
303 0.13197045426756077
304 0.11225412351948683
305 0.12894914939355068
306 0.12520433652944513
307 0.1319599489160451
308 0.12455583156210671
309 0.12726366297054048
310 0.13611834844797446
311 0.14993731240802038
312 0.1446445877592702
313 0.16024804109961813
314 0.1735569410758713
315 0.1856747033654054
316 0.13549595095173894
317 0.13818283590473787
318 0.1442235426754913
319 0.12912852022169044
320 0.1369437655048119
321 0.11963320572145039
322 0.13174515396574765
323 0.14602986687891725
324 0.12991647344430682
325 0.11960852344259373
326 0.1575206422098559
327 0.15615789752238812
328 0.12176506660555526
329 0.14042427863554727
330 0.14562339409178135
331 0.15091416105412456
332 0.14441798844173995
333 0.12420838246099991
334 0.1282738303758228
335 0.11259626149831704
336 0.1355686339023404
337 0.13381833076066715
338 0.12902208756146447
339 0.12284331058212387
340 0.11546989646490011
341 0.12956577204768543
342 0.13596064660767643
343 0.13339697541790269
344 0.12275356038519018
345 0.1382382692278167
346 0.13500324224329924
347 0.11132821237922677
348 0.13836246687454098
349 0.1244015578362074
350 0.15406021391471164
351 0.13924548126339523
352 0.12098255566049719
353 0.13773699608726458
354 0.14169619717744153
355 0.1322074479249518
356 0.1347008435460751
357 0.12320807759361448
358 0.13611133444774648
359 0.12678947931248286
360 0.12321068260325721
361 0.10829392202200248
362 0.12927359110600736
363 0.12434964374765178
364 0.12199730469141373
365 0.1074406752677543
366 0.11615661958928013
367 0.1277143325999884
368 0.10947205244900332
369 0.1309941893382679
370 0.13806324050661284
371 0.14524266176630402
372 0.15298726823690656
373 0.1454171273218277
374 0.12969504932414763
375 0.12346169607991084
376 0.1290745999182193
377 0.13994177798772656
378 0.12795036305882296
379 0.1259925597101097
380 0.1282443875861325
381 0.13412648169233818
382 0.1452548278546581
383 0.1340210392406791
384 0.14651165868602828
385 0.16748713683794003
386 0.15627888491122785
387 0.1499905987652336
388 0.15140912050102243
389 0.1637111806039009
390 0.1475851384720195
391 0.15281494524649802
392 0.1652488070579207
393 0.16540829090842363
394 0.15064438194468877
395 0.1497252371855517
396 0.15958278447111718
397 0.16396514805318316
398 0.15456381051767576
399 0.15346122710154436
400 0.16016057482123305
401 0.16925548613673727
402 0.1617538871601206
403 0.14511592512859872
404 0.15218110263792722
405 0.16747385093385697
406 0.15570436327115744
407 0.17036185650059518
408 0.15692947865240758
409 0.13981697825903044
410 0.1576173929959381
411 0.13177989426972134
412 0.161115311660046
413 0.16769507030389372
414 0.13556134970666883
415 0.1647771514089918
416 0.13981546590782762
417 0.14206215144276713
418 0.1162246628972309
419 0.1259200433968502
420 0.12349766875760501
421 0.15714810275562324
422 0.14384576108833613
423 0.1335781976786484
424 0.13532758757912064
425 0.12964204623902797
426 0.1330665620200129
427 0.12421113856950133
428 0.13929209262706563
429 0.1335712502514821
430 0.14291148455270777
431 0.14006310264122865
432 0.12809112156796343
433 0.13712838107372607
434 0.1352556880452954
435 0.1379102084465599
436 0.15812521123498385
437 0.14267895017797008
438 0.1667864349566266
439 0.14458612968694992
440 0.13981154416751557
441 0.1284678404937007
442 0.12954776843939275
443 0.14930356827604813
444 0.15479069146916427
445 0.1525558823805613
446 0.13949685256993677
447 0.14787760363407973
448 0.12651064320367003
449 0.13552305183899324
450 0.12322243540592955
451 0.12532143985244856
452 0.13091614685894365
453 0.13168187836321826
454 0.11244229528575089
455 0.11282877596314828
456 0.11791391924117757
457 0.10771284045825359
458 0.13441156673551974
459 0.1241040361344277
460 0.12246757892994334
461 0.11374642497064016
462 0.11426401213764244
463 0.11906464981911898
464 0.12139085721067513
465 0.1292680919497789
466 0.14146301327428779
467 0.1286215504450021
468 0.13843428460572185
469 0.13358846073135303
470 0.13358846073135303
471 0.1259658140649884
472 0.135020661631355
473 0.13995330672632061
474 0.12715840617034507
475 0.11964500784957095
476 0.1345862681147595
477 0.12686405043288917
478 0.13723619133446122
479 0.15812454219845562
480 0.12249916179201653
481 0.12206004072610564
482 0.13089456686080514
483 0.13765810329149128
484 0.11101697216110941
485 0.11747199081957364
486 0.1378749869352175
487 0.1380873632070361
488 0.13921588688449013
489 0.11951252219915477
490 0.11720663614119355
491 0.13644759444497415
492 0.13571707116021833
493 0.13157588898823924
494 0.13515625275228738
495 0.14643247184729216
496 0.1604094686038272
497 0.12249513223690897
498 0.12510919213397279
499 0.1285832726002034
500 0.13603998551440397
501 0.1311365533251997
502 0.12539946848778605
503 0.11473123549114371
504 0.1217856639886897
505 0.12734474045567784
506 0.11949788489564335
507 0.14168011751115553
508 0.11788896272560623
509 0.12081019188700512
510 0.1428521184114815
511 0.14664480018116666
512 0.1466029908090187
513 0.12576850846439563
514 0.13521625554336367
515 0.1335023657165694
516 0.11442007046630405
517 0.13723192487489497
518 0.13449498161546447
519 0.13984319687229343
520 0.13369405849038046
521 0.14021024620182954
522 0.13696180540040548
523 0.1361482282856617
524 0.13853732808564567
525 0.12870550681642695
526 0.14596184083945613
527 0.17030953871203316
528 0.1397815251347338
529 0.1570301703415008
530 0.16613211245707724
531 0.1533245440512265
532 0.13400576795561925
533 0.1357379928597151
534 0.13910825427109336
535 0.12919179506291503
536 0.1454444132834382
537 0.12035719439363424
538 0.13409912709865873
539 0.1338180054307728
540 0.1326897873504657
541 0.1269966318345103
542 0.1334613124902915
543 0.15532601901078494
544 0.12687753068001245
545 0.14086699636937036
546 0.149770161869426
547 0.142967803947821
548 0.13056811769394405
549 0.13313198970717358
550 0.1317728159003545
551 0.13125491064640255
552 0.10696369803812371
553 0.11866456958161607
554 0.15428975887510338
555 0.12051159865697766
556 0.10671448649801443
557 0.1274496120908951
558 0.13288433417047069
559 0.12329868559333622
560 0.12563901643581749
561 0.12013531275954091
562 0.12562892548292973
563 0.11434960010046925
564 0.11948152345352121
565 0.12008473552080692
566 0.11877756703135928
567 0.12304454348111926
568 0.15728611762811684
569 0.1297304544834082
570 0.10478782528138818
571 0.1194582953736526
572 0.11617415705486388
573 0.12603132870051287
574 0.13607084440442482
575 0.13809091959819958
576 0.12682224045925572
577 0.134018209410713
578 0.14263878627535162
579 0.14158416547485103
580 0.13879748922930135
581 0.16027014786282345
582 0.12830260667978663
583 0.1367690664286775
584 0.126057438666569
585 0.1168359171943957
586 0.1387008460284593
587 0.12932452283718834
588 0.11539545338128426
589 0.15033811818162765
590 0.12397765712621912
591 0.1562831579662782
592 0.13406105912990054
593 0.1312100727914404
594 0.15296790587163797
595 0.13717261613409465
596 0.17014202781102486
597 0.15762588916928494
598 0.1301303444219672
599 0.13507373378421572
600 0.1452858087835486
601 0.13873055915622823
602 0.13317083732423923
603 0.12669109613063692
604 0.14061755493835207
605 0.15963762796779699
606 0.1351974834959945
607 0.1523556201363243
608 0.11338642580351348
609 0.1443122436630367
610 0.12831882659641902
611 0.1310373206972946
612 0.13646705726508776
613 0.14523237553180254
614 0.1326305217492596
615 0.11664532936076935
616 0.13292755173633689
617 0.12825837926820363
618 0.14149222295749364
619 0.12847456128772822
620 0.12012217485730292
621 0.16110394637657713
622 0.12157991882498029
623 0.1358383751943049
624 0.1633739565994003
625 0.16675664252920847
626 0.17205231697412926
627 0.17185625335625623
628 0.14557661809999783
629 0.16339090355973437
630 0.16212260317560998
631 0.1379083120262643
632 0.13414499583962425
633 0.11387418379813012
634 0.11822320026713516
635 0.12866008500149206
636 0.12127353657800759
637 0.1281868199493394
638 0.1154783798450839
639 0.15341733833467125
640 0.18197184813768094
641 0.1355515314568082
642 0.1355515314568082
643 0.12177870489173517
644 0.15550208236692645
645 0.13036371152421927
646 0.13545578733286678
647 0.13181431621255527
648 0.14016747552669295
649 0.1240628803071875
650 0.12887329184795518
651 0.15174781914197782
652 0.13423726269995762
653 0.12435403087777613
654 0.12301430601833863
655 0.1128103292948431
656 0.14383484449486064
657 0.12024540065790387
658 0.1299138771193857
659 0.1217851119384751
660 0.11879655268050096
661 0.12931968958363874
662 0.13745204798146046
663 0.1338447625116933
664 0.1323688864447759
665 0.13294049294063556
666 0.13723843110852194
667 0.13824455109014622
668 0.10690042510661459
669 0.12153891207843452
670 0.1125866702645647
671 0.11477210070534219
672 0.11906618530707856
673 0.142351824338676
674 0.1668048156073609
675 0.12798407996153013
676 0.12840080416858057
677 0.11984453238626405
678 0.11911398121666361
679 0.11965486209639864
680 0.13144459230190486
681 0.10327067169149527
682 0.1138062815965706
683 0.11609718180496463
684 0.1370758457459093
685 0.13184740460230168
686 0.12163158255294518
687 0.11365469800474697
688 0.13516072385545616
689 0.14397309425568444
690 0.1271664792476085
691 0.13595124526829253
692 0.13955088935168472
693 0.12974280757316684
694 0.14472887937018183
695 0.13916997561443284
696 0.13231787630833272
697 0.13864705805678965
698 0.13252635022494474
699 0.1426668945651189
700 0.1250787434873684
701 0.12318165741149964
702 0.1360702954184798
703 0.1379860275864868
704 0.11757035617664653
705 0.1569378323908407
706 0.12418400689290666
707 0.1326680822780569
708 0.14842038062841684
709 0.14973479963972697
710 0.13165157705970265
711 0.13318835621360034
712 0.11714444881568047
713 0.10652062744422214
714 0.11599341105522766
715 0.11569488093565027
716 0.13679055097263207
717 0.1312740064578881
718 0.12413844572306727
719 0.1269045614644738
720 0.1250605998418206
721 0.11658854917601262
722 0.1301367958729533
723 0.1296849670147624
724 0.12333444855880793
725 0.12365672614200496
726 0.1409027729141717
727 0.1268957532993789
728 0.10418742526371808
729 0.12387902353881523
730 0.1192479116907127
731 0.11762017742151082
732 0.10982724232949645
733 0.11376505151819723
734 0.13177950273817554
735 0.1386758114914528
736 0.11425237902065088
737 0.1368868800579308
738 0.12182253045802151
739 0.13897252121415252
740 0.12311046269813307
741 0.11759947683815801
742 0.12575355969936958
743 0.13538315009126378
744 0.13276878779577
745 0.11805166691185913
746 0.14083742632408688
747 0.14840593062626128
748 0.10019406631184448
749 0.12142760113766682
750 0.10886984879109735
751 0.13696076667042378
752 0.1232981066235561
753 0.12264466944649677
754 0.11892336186716025
755 0.11297654924562617
756 0.11284773300407004
757 0.11590376356017347
758 0.10960219077379374
759 0.13161684287580167
760 0.11840789377743391
761 0.13237962726948238
762 0.12599164764404397
763 0.12117779306984804
764 0.11342684685800786
765 0.1513551562890119
766 0.12223360044374484
767 0.13824108131509616
768 0.13824108131509616
769 0.11927060645992035
770 0.13282306645313835
771 0.16208918149490753
772 0.1360336836851284
773 0.14635123383133503
774 0.1438210649418596
775 0.1438210649418596
776 0.13923589051119087
777 0.13290500861545307
778 0.12302504735317706
779 0.1280190002858001
780 0.1434335086793428
781 0.1666825298348579
782 0.13390331689750068
783 0.15273745854235182
784 0.1365968888247445
785 0.1235929921576172
786 0.14076687200490381
787 0.11976919612865693
788 0.14589315052233498
789 0.13386152583382702
790 0.1384288064206622
791 0.12311792816818702
792 0.13660523662408386
793 0.12710050151866753
794 0.13497867869520386
795 0.14249933214269347
796 0.13727502612748396
797 0.1391853894843376
798 0.14537269148770277
799 0.13075291215881443
800 0.14109342870273509
801 0.1543147520833082
802 0.1437535041966516
803 0.126975798604562
804 0.134300850444417
805 0.13515698126799028
806 0.16476818396421386
807 0.12518572658696284
808 0.1248908257290635
809 0.1244238947896742
810 0.14152454059164823
811 0.14006673454673252
812 0.16426154990647637
813 0.13685957785164357
814 0.15780611684407891
815 0.1306632130775893
816 0.12855041432872272
817 0.12498044578664208
818 0.14325214719148846
819 0.13008585185308688
820 0.13426875812296513
821 0.12446771546998084
822 0.14226194086654986
823 0.14654586641095899
824 0.12837640714060256
825 0.1522632104787526
826 0.14999708193707548
827 0.1394528151744142
828 0.1612243894654467
829 0.14334192691228678
830 0.19727697277136924
831 0.14281934715150632
832 0.1366456073353135
833 0.14619681541100557
834 0.13827930450720774
835 0.13655927469384604
836 0.14685453984894817
837 0.13407358207779563
838 0.14568006314430104
839 0.13785423509443995
840 0.1379885435082757
841 0.14590991766463357
842 0.1481618588027705
843 0.1481008972036136
844 0.13553513195400868
845 0.15283854010710332
846 0.16027323544099686
847 0.14008660090094147
848 0.1391591288309966
849 0.14439672227774417
850 0.14314650263417927
851 0.14490826256253367
852 0.12409478384982359
853 0.15027661646237983
854 0.11486690179852274
855 0.12718358689097747
856 0.13323853601835403
857 0.13667124989023827
858 0.12216359262344197
859 0.13838020964577782
860 0.1388437341713161
861 0.12931666268703113
862 0.1266957313047707
863 0.13165314060145758
864 0.13492802145419597
865 0.11794294699133379
866 0.13479460760515768
867 0.11882937494110443
868 0.13458046065023763
869 0.13428542207808655
870 0.13424443863454072
871 0.1181605063842824
872 0.13523848484412154
873 0.13580594294748435
874 0.12535072519427853
875 0.12108679133222304
876 0.13170027692701242
877 0.1150992650419069
878 0.1069918437247893
879 0.1426755049080922
880 0.12529810464440516
881 0.12703955059219785
882 0.12293665205496451
883 0.14392340540019885
884 0.13811797635229064
885 0.12723315936275637
886 0.12874487594459452
887 0.136967297412403
888 0.14177741142041775
889 0.1680247139714899
890 0.11893097284348168
891 0.14489698055571235
892 0.1294435627406811
893 0.131505129135152
894 0.12497476013207114
895 0.13178335284384865
896 0.13178335284384865
897 0.12764937923697423
898 0.11998472506595555
899 0.12310701717355826
900 0.12878773345249536
901 0.12651779318683795
902 0.1319476838830146
903 0.09963583109048244
904 0.12963289533597566
905 0.15252633473858518
906 0.11827958106159053
907 0.10863096010212996
908 0.12915104839968472
909 0.11446837126672417
910 0.10481132571094481
911 0.0980497997194599
912 0.12846562106093462
913 0.10796766965448114
914 0.1030764288723587
915 0.11679866390222743
916 0.11914078792752766
917 0.10337593467843388
918 0.11940600844012329
919 0.1271865052780965
920 0.11119334486281379
921 0.12657996228182913
922 0.12657996228182913
923 0.13245799016768975
924 0.1500547929970968
925 0.12864545530001836
926 0.10121405820247545
927 0.12254813614464126
928 0.12153864837810067
929 0.13241830811691516
930 0.13076288836808866
931 0.12897381448041087
932 0.13307393399725073
933 0.1170250635445754
934 0.1291058795583824
935 0.11854703381860035
936 0.11355708952801094
937 0.11415804690879784
938 0.1248070443767248
939 0.12629401766868897
940 0.12814939131701933
941 0.12970976145342805
942 0.13067090831471748
943 0.12720399557905682
944 0.12799367149391747
945 0.12425870649842026
946 0.11950968676828383
947 0.13123242578909322
948 0.14623380425230847
949 0.13998828823018028
950 0.13001520491384436
951 0.13066997624885393
952 0.13113639570770244
953 0.12247326168638584
954 0.13182801608273104
955 0.11349946996824617
956 0.13335019138809087
957 0.12018305597218852
958 0.1270566859510221
959 0.11914028571014287
960 0.10894957305950899
961 0.10977599959142104
962 0.13365293908747114
963 0.11105510157168946
964 0.1028882841763035
965 0.11308225301253176
966 0.11371677636524252
967 0.11362140641730921
968 0.1300119180274869
969 0.10895114632750376
970 0.12372713707196686
971 0.13005183175552706
972 0.16926376557084458
973 0.11992974193817778
974 0.12124489370178206
975 0.1086640076598079
976 0.11512826001509158
977 0.1110797760349025
978 0.11938860014154487
979 0.11220947055007326
980 0.14061359996883793
981 0.11066337353351814
982 0.13395251687090592
983 0.12586411192035715
984 0.12542923797667918
985 0.12632417790275827
986 0.12315506526950505
987 0.11275159112136954
988 0.11092200944322056
989 0.1262490623800958
990 0.11740677328992083
991 0.12866500898163286
992 0.1372746940324467
993 0.10462003219909431
994 0.14721827516008146
995 0.13115240403474593
996 0.13143709216393681
997 0.11607461044636985
998 0.11362859145414583
999 0.12008017114873153
1000 0.12728864660220945
