1 51
2 46
3 46
4 46
5 46
6 46
7 46
8 48
9 45
10 45
11 45
12 45
13 45
14 46
15 46
16 42
17 42
18 42
19 42
20 42
21 44
22 44
23 44
24 44
25 44
26 44
27 44
28 44
29 38
30 38
31 41
32 41
33 52
34 41
35 41
36 41
37 41
38 41
39 41
40 41
41 41
42 41
43 41
44 41
45 41
46 41
47 41
48 41
49 42
50 42
51 42
52 43
53 43
54 43
55 43
56 43
57 42
58 42
59 42
60 38
61 37
62 37
63 37
64 37
65 37
66 37
67 37
68 37
69 37
70 37
71 37
72 37
73 37
74 42
75 37
76 37
77 37
78 38
79 38
80 32
81 32
82 32
83 31
84 31
85 31
86 31
87 31
88 31
89 31
90 31
91 31
92 31
93 31
94 31
95 31
96 31
97 31
98 31
99 39
100 31
101 31
102 31
103 31
104 31
105 31
106 31
107 31
108 31
109 31
110 31
111 31
112 24
113 24
114 24
115 24
116 24
117 24
118 24
119 24
120 24
121 24
122 24
123 24
124 24
125 24
126 24
127 24
128 24
129 24
130 24
131 24
132 24
133 24
134 24
135 24
136 24
137 24
138 24
139 24
140 24
141 27
142 27
143 27
144 27
145 27
146 27
147 27
148 27
149 27
150 27
151 27
152 27
153 27
154 27
155 27
156 30
157 27
158 27
159 27
160 27
161 27
162 27
163 27
164 27
165 27
166 27
167 27
168 27
169 27
170 27
171 27
172 27
173 27
174 27
175 27
176 27
177 27
178 27
179 27
180 27
181 27
182 27
183 27
184 27
185 27
186 27
187 32
188 27
189 27
190 27
191 27
192 27
193 27
194 27
195 27
196 27
197 27
198 27
199 27
200 27
201 27
202 27
203 27
204 27
205 27
206 27
207 27
208 27
209 27
210 26
211 26
212 26
213 26
214 26
215 26
216 26
217 26
218 26
219 26
220 26
221 26
222 26
223 26
224 25
225 25
226 25
227 27
228 27
229 27
230 27
231 27
232 27
233 27
234 27
235 27
236 27
237 27
238 27
239 27
240 27
241 27
242 27
243 27
244 35
245 27
246 27
247 27
248 27
249 27
250 27
251 27
252 27
253 27
254 27
255 27
256 27
257 27
258 27
259 27
260 27
261 27
262 32
263 27
264 27
265 27
266 27
267 27
268 27
269 27
270 27
271 27
272 27
273 40
274 26
275 26
276 26
277 26
278 26
279 26
280 26
281 26
282 26
283 26
284 26
285 26
286 26
287 26
288 26
289 26
290 25
291 25
292 25
293 25
294 25
295 25
296 25
297 32
298 31
299 25
300 25
301 25
302 25
303 25
304 25
305 25
306 33
307 25
308 25
309 25
310 25
311 25
312 25
313 25
314 25
315 25
316 25
317 25
318 25
319 25
320 25
321 25
322 25
323 25
324 25
325 25
326 25
327 25
328 25
329 25
330 25
331 23
332 23
333 23
334 23
335 23
336 23
337 23
338 23
339 23
340 23
341 23
342 23
343 23
344 23
345 23
346 23
347 23
348 23
349 23
350 23
351 23
352 23
353 23
354 23
355 22
356 22
357 22
358 22
359 22
360 22
361 22
362 22
363 22
364 22
365 22
366 22
367 22
368 22
369 22
370 22
371 22
372 22
373 22
374 22
375 22
376 22
377 22
378 22
379 22
380 22
381 22
382 22
383 22
384 22
385 22
386 22
387 22
388 22
389 22
390 22
391 22
392 22
393 22
394 22
395 22
396 22
397 22
398 22
399 22
400 22
401 29
402 22
403 22
404 22
405 22
406 22
407 22
408 22
409 22
410 22
411 22
412 22
413 22
414 22
415 22
416 22
417 22
418 22
419 22
420 24
421 22
422 22
423 22
424 22
425 22
426 23
427 23
428 23
429 23
430 23
431 23
432 23
433 23
434 23
435 23
436 23
437 23
438 23
439 23
440 23
441 23
442 23
443 23
444 23
445 23
446 23
447 23
448 23
449 23
450 23
451 23
452 23
453 23
454 23
455 23
456 23
457 23
458 22
459 22
460 22
461 22
462 22
463 22
464 22
465 22
466 22
467 22
468 22
469 22
470 22
471 22
472 22
473 22
474 22
475 22
476 22
477 22
478 22
479 22
480 22
481 22
482 22
483 22
484 22
485 22
486 22
487 22
488 22
489 22
490 22
491 22
492 22
493 22
494 22
495 22
496 22
497 22
498 22
499 22
500 23
501 23
502 23
503 23
504 23
505 23
506 23
507 23
508 23
509 23
510 23
511 23
512 23
513 23
514 23
515 23
516 23
517 23
518 23
519 23
520 23
521 23
522 23
523 23
524 23
525 23
526 23
527 23
528 23
529 23
530 23
531 23
532 23
533 23
534 23
535 32
536 23
537 23
538 23
539 23
540 23
541 23
542 23
543 23
544 23
545 23
546 23
547 22
548 22
549 22
550 22
551 22
552 22
553 22
554 22
555 22
556 22
557 22
558 22
559 22
560 22
561 22
562 22
563 22
564 22
565 22
566 22
567 22
568 22
569 22
570 22
571 22
572 22
573 22
574 22
575 22
576 22
577 22
578 22
579 22
580 22
581 22
582 22
583 22
584 22
585 22
586 22
587 22
588 22
589 22
590 22
591 22
592 22
593 22
594 22
595 22
596 22
597 22
598 22
599 22
600 22
601 22
602 29
603 22
604 22
605 22
606 22
607 22
608 22
609 22
610 22
611 26
612 22
613 22
614 22
615 22
616 22
617 22
618 22
619 31
620 22
621 22
622 22
623 22
624 22
625 22
626 22
627 22
628 22
629 22
630 22
631 22
632 22
633 30
634 29
635 22
636 22
637 28
638 22
639 22
640 22
641 21
642 21
643 21
644 21
645 21
646 21
647 21
648 26
649 21
650 21
651 21
652 21
653 21
654 23
655 21
656 34
657 21
658 21
659 21
660 21
661 21
662 21
663 21
664 21
665 21
666 21
667 21
668 21
669 21
670 21
671 21
672 21
673 21
674 21
675 21
676 21
677 21
678 21
679 21
680 21
681 21
682 21
683 21
684 21
685 21
686 21
687 21
688 21
689 21
690 21
691 21
692 21
693 21
694 21
695 21
696 21
697 21
698 21
699 21
700 21
701 21
702 21
703 21
704 21
705 21
706 21
707 21
708 21
709 21
710 21
711 21
712 21
713 21
714 21
715 21
716 21
717 21
718 21
719 21
720 21
721 21
722 21
723 21
724 21
725 21
726 21
727 25
728 28
729 21
730 21
731 21
732 21
733 21
734 21
735 21
736 21
737 21
738 21
739 21
740 21
741 21
742 21
743 21
744 21
745 21
746 21
747 21
748 21
749 21
750 21
751 21
752 27
753 21
754 21
755 22
756 21
757 21
758 21
759 21
760 21
761 21
762 21
763 21
764 22
765 22
766 22
767 22
768 22
769 22
770 22
771 22
772 22
773 22
774 22
775 22
776 30
777 22
778 22
779 22
780 22
781 22
782 22
783 22
784 22
785 28
786 22
787 22
788 22
789 22
790 22
791 22
792 22
793 22
794 22
795 22
796 22
797 22
798 22
799 22
800 22
801 22
802 22
803 22
804 22
805 31
806 22
807 22
808 22
809 22
810 22
811 22
812 22
813 22
814 22
815 22
816 22
817 22
818 22
819 22
820 22
821 22
822 22
823 22
824 22
825 22
826 22
827 22
828 22
829 22
830 22
831 22
832 22
833 22
834 22
835 22
836 22
837 22
838 22
839 22
840 22
841 22
842 22
843 22
844 22
845 22
846 22
847 22
848 22
849 22
850 22
851 22
852 22
853 22
854 22
855 22
856 22
857 22
858 22
859 22
860 22
861 22
862 21
863 22
864 22
865 22
866 22
867 22
868 22
869 22
870 22
871 22
872 22
873 22
874 22
875 26
876 22
877 22
878 22
879 22
880 22
881 22
882 22
883 22
884 22
885 22
886 22
887 22
888 22
889 22
890 22
891 22
892 22
893 22
894 22
895 22
896 22
897 22
898 22
899 22
900 22
901 27
902 22
903 22
904 22
905 22
906 22
907 22
908 22
909 22
910 22
911 22
912 22
913 22
914 22
915 22
916 22
917 22
918 22
919 22
920 22
921 27
922 22
923 22
924 22
925 26
926 22
927 22
928 22
929 22
930 22
931 22
932 22
933 22
934 22
935 22
936 22
937 22
938 22
939 22
940 22
941 22
942 22
943 22
944 22
945 22
946 22
947 22
948 22
949 22
950 22
951 22
952 22
953 22
954 22
955 22
956 22
957 22
958 22
959 22
960 22
961 22
962 22
963 22
964 22
965 22
966 22
967 22
968 22
969 22
970 22
971 22
972 22
973 22
974 22
975 22
976 22
977 22
978 22
979 22
980 22
981 22
982 22
983 22
984 22
985 22
986 22
987 22
988 22
989 22
990 22
991 22
992 22
993 22
994 22
995 22
996 22
997 29
998 22
999 22
1000 22
